63 40
-1.510159e-001	2.449408e+000	-3.420190e-001	-2.660460e-001	-9.897222e-001	-6.938651e-001	-4.850857e-001	-1.137746e-001	-8.291937e-001	-4.183175e-001	-1.685048e-001	-6.284429e-001	1.675111e+000	-5.049206e-003	-1.313683e-001	-3.517635e-001	-1.016640e+000	-2.265603e-001	1.089437e+000	-7.649635e-001	-7.882857e-002	-8.513159e-001	-2.635413e-001	4.441857e-001	2.847048e-001	-5.832841e-001	8.252667e-001	2.401332e+000	5.771651e-001	-2.438635e-001	-2.800746e-001	4.878683e-001	-2.703492e-001	2.301127e-001	-2.500365e-001	-1.069683e-002	5.489968e-001	3.205444e-001	-8.875397e-002	-4.867698e-001	
-5.211587e-002	7.811079e-001	-3.728190e-001	-2.110460e-001	-2.404222e-001	6.246349e-001	-2.497857e-001	1.337254e-001	-7.784937e-001	3.477825e-001	-8.130476e-002	-4.934429e-001	2.204111e+000	-5.717492e-001	-7.636825e-002	-4.454635e-001	-1.017140e+000	-3.224603e-001	5.194365e-001	-7.189635e-001	-2.258286e-001	2.261841e-001	-8.614127e-002	1.764686e+000	6.024048e-001	-6.938841e-001	5.966667e-003	3.897832e+000	-8.981349e-001	-3.563492e-003	-3.952746e-001	-1.240632e+000	-1.858492e-001	2.282127e-001	-2.858365e-001	-1.463968e-001	-1.614032e-001	1.029444e-001	1.654603e-002	-4.744698e-001	
-6.411587e-002	2.562208e+000	-3.404190e-001	-2.490460e-001	-9.045222e-001	-5.047651e-001	-6.790857e-001	-1.803746e-001	-7.921937e-001	4.019825e-001	-6.134048e-001	-6.072429e-001	-2.580889e-001	-4.719492e-001	-1.303683e-001	-4.448635e-001	-9.060397e-001	-3.453603e-001	-1.104563e+000	-1.515963e+000	-1.656286e-001	-4.207159e-001	-2.312413e-001	1.318986e+000	1.884505e+000	-6.463841e-001	4.938667e-001	3.435032e+000	-8.877349e-001	-1.009635e-001	-5.006746e-001	-4.370317e-001	-1.311492e-001	-3.847873e-001	-2.953365e-001	-2.331968e-001	-6.019032e-001	1.832744e+000	8.424603e-002	-7.536698e-001	
-1.011587e-002	3.543908e+000	-7.911190e-001	7.565397e-002	-5.647222e-001	4.001349e-001	-4.244857e-001	-3.103746e-001	-7.695937e-001	8.198254e-002	-7.964048e-001	2.357143e-003	2.061911e+000	-2.971492e-001	3.183175e-002	-9.276349e-002	-1.258340e+000	-3.603603e-001	-2.067635e-001	-1.648263e+000	-9.622857e-002	-7.382159e-001	1.712587e-001	8.995857e-001	2.985805e+000	-8.586841e-001	8.377667e-001	5.139532e+000	-4.723492e-002	-3.161635e-001	1.874254e-001	1.998468e+000	-2.510492e-001	5.512698e-003	-8.373651e-002	-2.192968e-001	-1.270003e+000	-3.865556e-002	6.344603e-002	1.589930e+000	
-7.691587e-002	2.430108e+000	-7.101905e-002	-1.303460e-001	-8.874222e-001	-7.963651e-001	-9.648857e-001	-2.266746e-001	-8.549937e-001	6.308254e-002	-2.271048e-001	-5.365429e-001	1.077911e+000	-3.384492e-001	9.343175e-002	-3.266635e-001	-5.881397e-001	-2.164603e-001	3.173037e+000	-1.371463e+000	-1.965286e-001	4.876841e-001	1.587302e-004	9.297857e-001	5.287048e-001	-9.553841e-001	8.220667e-001	2.930232e+000	2.269651e-001	-3.360635e-001	-1.357460e-002	2.318868e+000	1.012508e-001	-5.563873e-001	-1.527365e-001	1.682032e-001	-1.957903e+000	1.375644e+000	-4.395397e-002	-4.219698e-001	
-1.106159e-001	1.842408e+000	-5.628190e-001	-1.700460e-001	-7.996222e-001	-4.931651e-001	-4.349857e-001	-1.546746e-001	-8.498937e-001	-1.970175e-001	3.595238e-003	-6.204429e-001	2.805911e+000	3.159508e-001	-1.466825e-002	8.873651e-002	-1.075140e+000	-2.336603e-001	3.762837e+000	-8.169635e-001	-2.016286e-001	-5.756159e-001	-9.274127e-002	7.363857e-001	8.080476e-002	-1.715841e-001	2.083867e+000	2.377132e+000	1.229665e+000	-2.952635e-001	-9.317460e-002	-9.507317e-001	-1.941492e-001	1.188127e-001	-2.376365e-001	1.154032e-001	-1.473903e+000	7.191444e-001	-3.450540e-001	-6.345698e-001	
6.808413e-002	1.127608e+000	-2.839190e-001	2.036540e-001	-6.843222e-001	-1.127165e+000	-8.161857e-001	-1.156746e-001	-4.082937e-001	6.382540e-003	-4.035048e-001	-4.088429e-001	4.221211e+000	3.502508e-001	-6.856825e-002	-3.226635e-001	-1.144940e+000	-1.916603e-001	2.193137e+000	-1.169263e+000	1.523714e-001	-5.449159e-001	7.745873e-002	1.964786e+000	3.981048e-001	-8.362841e-001	-9.503333e-002	1.143317e-001	-5.843492e-002	-8.416349e-002	-2.659746e-001	-9.131746e-003	-1.458492e-001	-7.304873e-001	-3.187365e-001	1.792032e-001	-8.661032e-001	6.306444e-001	-6.275397e-002	-6.210698e-001	
1.788413e-002	7.837079e-001	-4.165190e-001	-2.349460e-001	-6.425222e-001	-7.939651e-001	-7.421857e-001	-2.207746e-001	-7.819937e-001	5.039825e-001	-7.569048e-001	-5.820429e-001	2.835411e+000	-1.302492e-001	-1.245683e-001	-2.773635e-001	-1.250740e+000	-3.547603e-001	2.824837e+000	-1.626963e+000	-1.222286e-001	-4.760159e-001	-1.158413e-001	2.299486e+000	4.247005e+000	-6.384841e-001	2.287367e+000	1.535132e+000	-5.120349e-001	-2.884635e-001	-2.785746e-001	-4.049317e-001	-1.637492e-001	-4.888873e-001	-1.287365e-001	-1.141968e-001	-1.188803e+000	4.299444e-001	-1.745540e-001	-7.209698e-001	
-1.861159e-001	2.060708e+000	-6.112190e-001	-1.481460e-001	-9.729222e-001	-2.694651e-001	-8.114857e-001	-3.561746e-001	-8.063937e-001	3.973825e-001	-6.514048e-001	-6.400429e-001	5.762211e+000	-1.779492e-001	-1.431683e-001	-4.026635e-001	-1.332240e+000	-3.921603e-001	6.374937e+000	-1.466563e+000	-7.342857e-002	-8.609159e-001	-2.342413e-001	1.223986e+000	4.998305e+000	-8.316841e-001	1.397367e+000	1.659132e+000	-3.980349e-001	-3.113635e-001	-4.329746e-001	-5.902317e-001	-3.500492e-001	-4.746873e-001	-1.117365e-001	-1.176968e-001	-1.110803e+000	7.245444e-001	-3.035540e-001	-7.800698e-001	
-1.212159e-001	1.018108e+000	-6.042190e-001	-1.944460e-001	-9.555222e-001	-1.258665e+000	-1.069886e+000	9.036254e-001	-7.982937e-001	2.598254e-002	-5.107048e-001	-7.494286e-002	3.065811e+000	8.820508e-001	-1.296683e-001	-3.722635e-001	-1.024540e+000	5.626397e-001	4.820937e+000	-1.163963e+000	-6.882857e-002	5.616841e-001	-2.776413e-001	-4.200143e-001	7.158605e+000	1.710916e+000	1.640667e-001	-2.006825e-002	5.748565e+000	-3.960635e-001	-9.427460e-002	6.440268e+000	-6.534921e-002	-7.604873e-001	-3.411365e-001	-8.369683e-002	-2.160703e+000	6.694444e-001	1.697460e-001	-7.384698e-001	
-1.797159e-001	1.631508e+000	-7.532190e-001	-2.294460e-001	-1.037522e+000	-9.890651e-001	-7.377857e-001	-1.924746e-001	-8.631937e-001	-1.413175e-001	-5.228048e-001	-7.212429e-001	1.398811e+000	-4.329492e-001	-9.826825e-002	-4.626635e-001	-1.264440e+000	-2.778603e-001	2.243651e-002	-1.437563e+000	-2.369286e-001	-7.130159e-001	-1.797413e-001	1.056186e+000	3.214505e+000	-4.015841e-001	2.965467e+000	5.549932e+000	1.094165e+000	-5.027635e-001	-4.744746e-001	1.616683e-001	-2.938492e-001	-5.624873e-001	-3.597365e-001	-1.853968e-001	-1.872703e+000	1.744844e+000	-3.724540e-001	-9.052698e-001	
-1.412159e-001	2.586908e+000	-5.412190e-001	-1.132460e-001	-7.697222e-001	-8.624651e-001	-8.795857e-001	-4.367460e-002	-8.577937e-001	4.098254e-002	2.157952e-001	-2.931429e-001	3.772711e+000	-3.690492e-001	-1.027683e-001	-4.442635e-001	-1.327540e+000	2.239683e-003	2.979137e+000	-1.448963e+000	-1.725286e-001	-4.855159e-001	-5.784127e-002	1.120486e+000	3.358048e-001	-5.237841e-001	4.126067e+000	2.827232e+000	-1.982349e-001	-4.551635e-001	-3.990746e-001	7.906683e-001	-2.721492e-001	-5.789873e-001	-3.383365e-001	-4.119683e-002	-1.933903e+000	7.293444e-001	-3.330540e-001	-7.189698e-001	
2.998413e-002	3.077208e+000	-6.056190e-001	-3.248460e-001	-5.399222e-001	-7.606651e-001	-7.946857e-001	-2.332746e-001	-8.152937e-001	-3.468175e-001	8.264952e-001	-4.846429e-001	1.660111e-001	-4.728492e-001	-1.118683e-001	-3.815635e-001	-1.105740e+000	-2.272603e-001	5.519137e+000	-9.495635e-001	1.082714e-001	7.733841e-001	1.625873e-002	1.707886e+000	-6.726952e-001	-3.382841e-001	2.088467e+000	2.069632e+000	3.033651e-001	7.673651e-002	-5.457460e-002	-7.769317e-001	-2.554492e-001	-8.391873e-001	-3.736365e-001	-2.931968e-001	-1.009403e+000	1.986444e-001	4.614603e-002	-5.674698e-001	
-2.915873e-003	2.952908e+000	-5.741905e-002	3.495397e-002	3.422778e-001	-3.484651e-001	-5.593857e-001	-3.177746e-001	-9.100937e-001	6.833825e-001	-6.383048e-001	-2.953429e-001	5.141511e+000	-5.678492e-001	6.043175e-002	-2.884635e-001	-1.001640e+000	-4.533603e-001	3.626137e+000	1.673137e+000	-1.794286e-001	-9.096159e-001	-1.486413e-001	9.783857e-001	3.428705e+000	-4.718841e-001	-3.066333e-001	1.737732e+000	-9.098349e-001	4.202365e-001	-4.963746e-001	-7.931746e-003	-3.018492e-001	-8.706873e-001	-3.657365e-001	2.108032e-001	4.168968e-001	-1.232556e-001	-4.145540e-001	-3.529698e-001	
-2.149159e-001	-1.069592e+000	-3.484190e-001	-1.651460e-001	-4.224222e-001	-3.656508e-002	-2.229857e-001	-3.983746e-001	-9.071937e-001	-2.991175e-001	1.301952e-001	-3.702429e-001	1.528911e+000	-3.832492e-001	-2.986825e-002	-1.299635e-001	-1.104340e+000	-1.826603e-001	2.848537e+000	-9.431635e-001	-2.440286e-001	1.110484e+000	6.158730e-003	4.684857e-001	-1.700295e+000	-5.226841e-001	9.243667e-001	9.935317e-001	-7.696349e-001	2.145365e-001	-5.122746e-001	-1.554832e+000	-3.705492e-001	-2.598873e-001	-1.998365e-001	4.790317e-002	-1.572103e+000	-1.745556e-001	-2.955540e-001	-1.663698e-001	
-1.797159e-001	1.608079e-001	-5.446190e-001	3.345397e-002	2.906778e-001	-3.236651e-001	-5.676857e-001	-4.542746e-001	-7.034937e-001	-2.269175e-001	1.669952e-001	1.585571e-001	6.550111e-001	-3.322492e-001	-5.816825e-002	5.365079e-004	-1.184640e+000	-4.310603e-001	3.330365e-001	-6.122635e-001	-2.207286e-001	-5.621159e-001	1.530587e-001	1.643857e-001	-1.637895e+000	-7.387841e-001	-9.103333e-001	1.338732e+000	-1.133335e+000	8.730365e-001	-4.818746e-001	-1.655532e+000	-2.337492e-001	9.601270e-002	-3.020365e-001	-1.976968e-001	-1.675303e+000	-1.760556e-001	-8.225397e-002	7.516302e-001	
-3.915873e-003	7.830079e-001	-3.870190e-001	-1.814460e-001	-7.358222e-001	1.302535e+000	1.580143e-001	-1.612746e-001	-8.725937e-001	-3.288175e-001	4.464952e-001	-3.752429e-001	1.929111e-001	-4.469492e-001	1.421317e-001	7.365079e-004	-9.809397e-001	-5.149603e-001	1.237937e+000	6.166365e-001	-6.542857e-002	-3.175159e-001	7.675873e-002	-4.878143e-001	-1.525952e-001	-4.860841e-001	-6.892333e-001	1.145932e+000	-1.022635e+000	-3.142635e-001	-6.157460e-002	-1.575032e+000	-2.672492e-001	7.051270e-002	-2.939365e-001	-2.886968e-001	4.044968e-001	-3.179556e-001	-7.853968e-003	-8.716984e-002	
1.738841e-001	2.487308e+000	-1.319190e-001	-2.090460e-001	-3.352222e-001	-1.086651e-001	-3.364857e-001	-2.935746e-001	-9.054937e-001	-3.068175e-001	1.609524e-002	-5.254429e-001	1.020711e+000	-3.999492e-001	1.108317e-001	-4.150635e-001	-1.104540e+000	-3.133603e-001	1.646537e+000	8.554365e-001	-1.963286e-001	-8.499159e-001	-1.416413e-001	3.784857e-001	-1.827295e+000	-2.153841e-001	3.231667e-001	6.600317e-001	-1.047735e+000	-5.396349e-002	-5.015746e-001	-7.835317e-001	-3.009492e-001	-1.010873e-001	-3.834365e-001	3.114032e-001	-6.272032e-001	-4.407556e-001	-2.923540e-001	-4.022698e-001	
1.599841e-001	3.731808e+000	-1.617190e-001	-2.091460e-001	-3.628222e-001	-1.038651e-001	-3.899857e-001	-3.028746e-001	-9.071937e-001	-3.369175e-001	-7.300476e-002	-5.528429e-001	1.066611e+000	-4.343492e-001	8.643175e-002	-4.218635e-001	-1.118940e+000	-3.438603e-001	2.563837e+000	1.590037e+000	-1.961286e-001	-8.526159e-001	-1.602413e-001	2.436857e-001	-1.865995e+000	-2.297841e-001	4.057667e-001	5.529317e-001	-1.066835e+000	-9.766349e-002	-5.187746e-001	-8.809317e-001	-3.060492e-001	-1.801873e-001	-3.693365e-001	2.511032e-001	-7.516032e-001	-4.599556e-001	-2.959540e-001	-4.168698e-001	
-2.066159e-001	3.649508e+000	-4.909190e-001	-2.348460e-001	-3.149222e-001	6.767349e-001	3.180143e-001	-3.798746e-001	-8.341937e-001	-3.100175e-001	-6.257048e-001	1.776571e-001	4.480911e+000	-7.934921e-002	2.085317e-001	4.014365e-001	-1.055040e+000	-3.330603e-001	4.173737e+000	6.171365e-001	-1.819286e-001	-7.349159e-001	-3.574413e-001	1.186786e+000	-2.134952e-001	-7.779841e-001	2.076667e-001	2.857232e+000	-9.781349e-001	-1.938635e-001	-5.277460e-002	-8.663317e-001	-3.341492e-001	-3.208730e-002	-2.249365e-001	8.230317e-002	1.734297e+000	-1.354556e-001	-2.505540e-001	-1.962698e-001	
-9.431587e-002	1.700408e+000	-6.578190e-001	-2.233460e-001	9.045778e-001	1.639435e+000	1.062143e-001	-4.777746e-001	-9.512937e-001	-3.683175e-001	-2.234048e-001	-4.148429e-001	-8.638889e-002	-5.469492e-001	-4.586825e-002	-4.440635e-001	-1.166740e+000	-3.061603e-001	3.100737e+000	-1.058963e+000	-2.342286e-001	7.638413e-002	2.963587e-001	5.176857e-001	-8.967952e-001	-7.544841e-001	9.474667e-001	-1.737683e-001	-1.102135e+000	-3.364635e-001	-6.147746e-001	-1.590132e+000	-3.847492e-001	-5.198873e-001	-2.646365e-001	-2.661968e-001	-9.934032e-001	-4.005556e-001	-2.267540e-001	1.137302e-001	
-2.023159e-001	2.071508e+000	-1.491190e-001	1.146540e-001	4.992778e-001	-2.711651e-001	-6.397857e-001	-3.973746e-001	-9.337937e-001	1.153825e-001	-5.610476e-002	-8.128429e-001	3.290711e+000	-5.988492e-001	1.256317e-001	-5.086349e-002	-8.277397e-001	-1.153603e-001	3.227365e-001	1.370337e+000	-2.795286e-001	-9.331159e-001	2.917587e-001	4.741857e-001	-7.097952e-001	-3.619841e-001	7.465667e-001	-9.574683e-001	-7.868349e-001	4.823651e-002	-5.976746e-001	-1.105932e+000	-3.223492e-001	-9.405873e-001	-3.331365e-001	5.684032e-001	-2.255032e-001	-3.302556e-001	-2.781540e-001	2.766302e-001	
-1.464159e-001	1.743108e+000	5.972810e-001	-6.346032e-003	-2.501222e-001	1.879349e-001	-7.183857e-001	-1.975746e-001	-9.307937e-001	-3.325175e-001	-1.994048e-001	-4.289429e-001	8.400111e-001	-5.524492e-001	1.563175e-002	-7.516349e-002	-7.199397e-001	-3.544603e-001	8.483365e-001	1.786237e+000	-1.735286e-001	-9.194159e-001	-3.005413e-001	-3.704143e-001	-1.237795e+000	-3.121841e-001	9.710667e-001	-7.806825e-002	-1.069035e+000	-9.586349e-002	-5.371746e-001	-1.090532e+000	-3.017492e-001	-9.307873e-001	-4.405365e-001	5.300032e-001	6.664968e-001	-1.016556e-001	-4.348540e-001	-3.000698e-001	
4.549841e-001	-1.399292e+000	1.427681e+000	5.762540e-001	-1.027022e+000	-1.200665e+000	1.291714e+000	3.247725e+000	7.899063e-001	3.930825e-001	4.868952e-001	-8.242429e-001	-1.881889e+000	5.050508e-001	-5.216825e-002	7.443651e-002	-9.417397e-001	1.534640e+000	-1.346363e+000	1.950937e+000	1.617143e-002	-9.066159e-001	2.827059e+000	-1.032214e+000	2.409105e+000	1.466516e+000	-1.436633e+000	-4.961683e-001	4.516465e+000	2.193365e-001	-2.238746e-001	3.884668e+000	-3.784492e-001	1.456313e+000	-3.710365e-001	-4.223968e-001	1.808897e+000	1.006844e+000	-3.620540e-001	-1.481698e-001	
6.153841e-001	-1.225992e+000	5.002810e-001	8.768540e-001	-4.354222e-001	-1.295065e+000	-9.298571e-002	1.745225e+000	4.108063e-001	5.006825e-001	1.130795e+000	-8.056429e-001	-1.177389e+000	9.627508e-001	-1.754683e-001	-6.416349e-002	-1.017840e+000	1.370540e+000	-1.544563e+000	9.528365e-001	3.969714e-001	-5.686159e-001	7.755873e-002	-1.033114e+000	1.625605e+000	2.087116e+000	-1.322633e+000	-8.595683e-001	3.775765e+000	2.827365e-001	-3.977746e-001	3.691068e+000	-3.873492e-001	1.860013e+000	-3.229365e-001	-3.243968e-001	2.191797e+000	1.297144e+000	-4.137540e-001	8.463016e-002	
9.731841e-001	-1.497092e+000	1.332581e+000	9.130540e-001	-9.142222e-001	-1.445265e+000	-2.266857e-001	1.344925e+000	-2.910937e-001	1.706883e+000	1.754595e+000	-8.938429e-001	-1.789089e+000	3.127051e+000	-7.966825e-002	-1.958635e-001	-6.295397e-001	1.086140e+000	-1.606763e+000	1.318537e+000	4.036714e-001	-9.619159e-001	1.454559e+000	-1.052214e+000	2.216105e+000	2.914016e+000	-1.590533e+000	-1.145868e+000	4.968365e+000	7.905365e-001	-3.652746e-001	3.766668e+000	-3.255492e-001	9.982127e-001	-3.945365e-001	-4.610968e-001	2.639897e+000	4.532444e-001	-4.611540e-001	-1.312698e-001	
1.054184e+000	-1.420692e+000	1.252181e+000	1.050354e+000	-1.016722e+000	-1.443265e+000	-3.303857e-001	8.305254e-001	-5.867937e-001	1.036683e+000	1.397195e+000	-4.488429e-001	-1.831589e+000	1.879051e+000	-1.402683e-001	1.206365e-001	-1.172140e+000	7.238397e-001	-1.747563e+000	2.985537e+000	8.434714e-001	-9.508159e-001	1.597859e+000	-9.099143e-001	2.756705e+000	1.381216e+000	-1.981533e+000	-1.131168e+000	1.940465e+000	1.597037e+000	-1.804746e-001	4.534868e+000	-3.577492e-001	1.345413e+000	-4.406365e-001	-4.730968e-001	6.631968e-001	9.054444e-002	-3.918540e-001	4.158302e-001	
4.637841e-001	-1.467292e+000	1.862181e+000	2.906540e-001	-1.071722e+000	-1.270365e+000	-8.084857e-001	9.103254e-001	-1.547937e-001	1.330683e+000	2.281595e+000	-8.066429e-001	-1.826789e+000	2.565551e+000	-2.571683e-001	-1.405635e-001	-9.365397e-001	1.804540e+000	-1.541863e+000	2.195937e+000	6.499714e-001	-8.693159e-001	9.743587e-001	-1.156614e+000	8.225048e-001	2.054216e+000	-1.661533e+000	-1.313268e+000	4.810651e-001	2.586837e+000	-5.658746e-001	7.981683e-001	-3.584492e-001	2.178913e+000	-2.848365e-001	-4.616968e-001	2.211197e+000	9.104444e-002	-3.919540e-001	5.673016e-002	
5.254841e-001	-1.202392e+000	2.609381e+000	7.190540e-001	-9.541222e-001	-1.418565e+000	-6.546857e-001	1.781225e+000	-5.313937e-001	1.695083e+000	2.588995e+000	-6.698429e-001	-1.898189e+000	8.655079e-002	-2.679683e-001	-1.277635e-001	-1.129240e+000	-1.058603e-001	-1.537963e+000	2.758637e+000	4.565714e-001	-9.030159e-001	3.838587e-001	-1.066114e+000	3.296905e+000	4.530316e+000	-1.756033e+000	-1.181868e+000	3.439665e+000	7.656365e-001	-5.460746e-001	2.837568e+000	-3.182492e-001	2.170127e-001	-2.952365e-001	-3.966968e-001	2.471597e+000	4.397444e-001	-3.661540e-001	-6.897698e-001	
6.123841e-001	-1.137592e+000	2.196381e+000	1.191354e+000	-9.121222e-001	-1.462265e+000	-7.616857e-001	1.826925e+000	3.337063e-001	1.130583e+000	2.756795e+000	-8.719429e-001	-1.588589e+000	2.045251e+000	-2.094683e-001	1.863651e-002	-7.420397e-001	6.494397e-001	-1.628263e+000	1.211637e+000	6.547714e-001	-9.256159e-001	1.697259e+000	-1.136714e+000	1.108205e+000	2.170516e+000	-1.986233e+000	-6.105683e-001	2.680665e+000	1.834337e+000	-3.668746e-001	1.976068e+000	-3.352492e-001	1.515713e+000	-3.582365e-001	-5.032968e-001	1.379997e+000	7.682444e-001	-4.005540e-001	-2.236984e-002	
9.249841e-001	-1.390192e+000	1.285881e+000	1.058754e+000	-9.768222e-001	-8.805651e-001	-3.559857e-001	7.045254e-001	-1.737937e-001	2.370483e+000	3.807795e+000	-6.552429e-001	-1.410689e+000	1.341051e+000	-1.044683e-001	2.087365e-001	-1.063040e+000	1.854640e+000	-1.447463e+000	1.738737e+000	6.050714e-001	-8.665159e-001	1.279559e+000	-1.111014e+000	1.377705e+000	9.065159e-001	-1.912133e+000	-1.279868e+000	1.972165e+000	1.180937e+000	-5.019746e-001	2.729568e+000	-3.486492e-001	1.029513e+000	1.624635e-001	-4.147968e-001	1.417697e+000	1.047344e+000	-3.409540e-001	2.116302e-001	
-1.751159e-001	-1.255992e+000	-4.652190e-001	-9.954603e-002	2.829278e+000	5.405349e-001	1.413514e+000	-4.306746e-001	8.642063e-001	-3.098175e-001	5.838952e-001	-2.822429e-001	-1.345189e+000	-7.014921e-002	1.471317e-001	1.491365e-001	-1.154740e+000	-3.366032e-002	-1.638863e+000	1.379337e+000	2.144714e-001	2.665584e+000	5.215873e-002	9.659857e-001	-2.036695e+000	-9.236841e-001	9.576667e-002	-7.356683e-001	-1.164935e+000	2.681365e-001	-1.978746e-001	-1.522032e+000	-5.944921e-002	-2.652873e-001	2.239363e+000	-2.749683e-002	1.274197e+000	-5.445556e-001	6.477460e-001	1.022230e+000	
-1.343159e-001	-1.210692e+000	-6.785190e-001	2.123540e-001	1.907878e+000	2.038535e+000	6.846143e-001	-3.642746e-001	-7.589365e-002	2.263825e-001	-3.964048e-001	2.545557e+000	-1.048389e+000	-3.541492e-001	1.042317e-001	9.213365e-001	-9.208397e-001	-4.704603e-001	-1.508263e+000	1.661937e+000	-1.477286e-001	3.027584e+000	9.745873e-002	7.698857e-001	-1.767095e+000	-7.077841e-001	-4.864333e-001	-4.840683e-001	-1.032135e+000	9.679365e-001	6.422540e-002	-1.258332e+000	-2.124921e-002	7.911270e-002	9.848635e-001	5.310317e-002	2.474968e-001	-8.505556e-002	2.296460e-001	9.634302e-001	
-7.651587e-002	-1.123792e+000	-5.833190e-001	-2.100460e-001	2.633178e+000	1.763635e+000	1.126214e+000	-3.550746e-001	1.134006e+000	6.768254e-002	-7.500048e-001	1.592571e-001	-6.460889e-001	-2.593492e-001	1.545317e-001	9.946365e-001	-1.111540e+000	1.683968e-002	-1.673363e+000	3.161365e-001	-1.028286e-001	2.790084e+000	1.405587e-001	2.037857e-001	-1.821395e+000	-8.637841e-001	-7.991333e-001	-1.051468e+000	-1.021935e+000	5.340365e-001	1.586254e-001	-1.315632e+000	1.091508e-001	-3.162873e-001	2.595963e+000	1.963032e-001	-3.321032e-001	-2.306556e-001	2.165460e-001	1.497230e+000	
-2.641159e-001	-1.258092e+000	-2.603190e-001	-3.685460e-001	1.108778e+000	1.228535e+000	9.159143e-001	-4.274746e-001	1.548706e+000	-4.629175e-001	5.109524e-002	1.058057e+000	-1.638989e+000	3.052508e-001	1.904317e-001	5.637365e-001	-1.168940e+000	7.734397e-001	-7.295635e-001	6.630365e-001	-2.683286e-001	2.009984e+000	-4.510413e-001	-6.412143e-001	-1.966295e+000	9.430159e-001	3.248067e+000	-1.005968e+000	-1.011535e+000	-1.226635e-001	1.631254e-001	-8.800317e-001	-2.396492e-001	-3.278730e-002	7.903635e-001	-5.396825e-003	1.210497e+000	-4.674556e-001	3.410460e-001	1.030430e+000	
-2.380159e-001	-1.308292e+000	-3.236190e-001	-2.937460e-001	4.772278e+000	1.227335e+000	1.482814e+000	-3.924746e-001	8.470063e-001	-3.978175e-001	-4.997048e-001	1.875557e+000	-1.226389e+000	-6.424921e-002	2.816317e-001	2.276365e-001	-1.042040e+000	-4.573603e-001	-1.526263e+000	1.908437e+000	-3.358286e-001	7.888841e-001	-4.907413e-001	-3.265143e-001	-1.818095e+000	-8.306841e-001	2.904667e-001	-1.316968e+000	-1.147435e+000	-3.807635e-001	3.917254e-001	-6.113317e-001	-4.594921e-002	9.408127e-001	8.563635e-001	-1.039683e-002	1.897597e+000	-6.457556e-001	1.225460e-001	9.827302e-001	
-1.531159e-001	-1.131492e+000	-7.419190e-001	-2.535460e-001	6.983778e-001	1.882535e+000	1.145214e+000	-2.906746e-001	-1.682937e-001	-1.532175e-001	-2.519048e-001	1.408157e+000	-4.861889e-001	-3.505492e-001	1.018317e-001	1.036137e+000	-9.140397e-001	-5.344603e-001	-6.655635e-001	1.472137e+000	-2.052286e-001	1.200484e+000	-4.103413e-001	6.058571e-002	-9.726952e-001	-3.639841e-001	1.412467e+000	-7.666683e-001	-1.112035e+000	2.483651e-002	1.108254e-001	-2.821317e-001	1.073508e-001	7.841127e-001	9.331635e-001	2.048032e-001	1.753497e+000	-2.641556e-001	2.574460e-001	4.858302e-001	
-1.951587e-002	-1.245992e+000	-5.350190e-001	-2.741460e-001	2.241378e+000	1.922835e+000	1.927914e+000	-3.971746e-001	2.827106e+000	-3.218175e-001	1.312395e+000	1.256157e+000	-1.277989e+000	1.710508e-001	3.903317e-001	5.213365e-001	-1.206040e+000	-3.682603e-001	-1.391763e+000	4.387365e-001	1.818714e-001	2.365984e+000	-3.185413e-001	5.843857e-001	-1.974695e+000	-5.524841e-001	1.677367e+000	-1.064368e+000	-9.584349e-001	-1.002635e-001	1.143254e-001	-1.377632e+000	2.532508e-001	-2.834873e-001	7.150635e-001	3.199032e-001	1.119797e+000	-4.692556e-001	9.056460e-001	7.629302e-001	
-1.843159e-001	-1.234292e+000	-6.868190e-001	-2.584603e-002	2.334178e+000	2.010835e+000	1.608514e+000	-3.911746e-001	2.087306e+000	-1.331175e-001	-4.498048e-001	1.483857e+000	-1.691089e+000	1.875508e-001	4.162317e-001	6.275365e-001	-1.146840e+000	1.069440e+000	-1.630363e+000	1.145137e+000	1.265714e-001	1.466884e+000	-3.478413e-001	9.021857e-001	-1.759595e+000	-6.881841e-001	1.852667e+000	-1.331368e+000	-8.888349e-001	2.037365e-001	7.333254e-001	-8.164317e-001	-1.075492e-001	-2.242873e-001	4.149635e-001	2.380032e-001	1.346597e+000	-4.681556e-001	1.940460e-001	2.527302e-001	
-9.421587e-002	-1.122392e+000	-3.638190e-001	-1.034460e-001	1.840978e+000	6.139349e-001	4.742143e-001	-4.101746e-001	3.234063e-001	-2.924175e-001	-4.200048e-001	4.582571e-001	-1.912589e+000	6.467508e-001	4.811317e-001	3.897365e-001	-1.074240e+000	3.833397e-001	-1.522963e+000	-2.060635e-001	-2.427286e-001	1.612884e+000	-4.715413e-001	-1.828143e-001	-8.665952e-001	-9.147841e-001	-4.323333e-001	-1.162768e+000	-1.117035e+000	-3.494635e-001	6.556254e-001	-8.880317e-001	4.380508e-001	3.589127e-001	7.700635e-001	1.337032e-001	4.857968e-001	-3.168556e-001	1.626846e+000	2.053530e+000	
-2.990159e-001	-1.085392e+000	-7.460190e-001	-2.610460e-001	1.185478e+000	1.168335e+000	2.158914e+000	-4.667746e-001	-4.070937e-001	-4.363175e-001	-4.304762e-003	1.966357e+000	-1.350589e+000	5.684508e-001	1.140317e-001	3.270365e-001	-1.265940e+000	1.003240e+000	-8.880635e-001	2.102365e-001	1.076714e-001	5.296841e-001	-4.218413e-001	-6.693143e-001	-9.716952e-001	-7.737841e-001	1.099267e+000	-1.134068e+000	-1.092335e+000	-2.260635e-001	1.149125e+000	-6.963317e-001	4.165079e-002	-4.391873e-001	7.743635e-001	2.207032e-001	1.358897e+000	-2.021556e-001	8.244460e-001	1.118230e+000	
-1.362159e-001	-1.085792e+000	-6.289190e-001	-1.486460e-001	2.731478e+000	9.774349e-001	1.715614e+000	-3.968746e-001	-5.059365e-002	-4.245175e-001	1.949524e-002	2.030557e+000	-9.474889e-001	9.625508e-001	4.640317e-001	5.559365e-001	-1.157140e+000	1.982397e-001	-1.123963e+000	5.495365e-001	-2.212857e-002	-8.661587e-002	-4.097413e-001	-4.468143e-001	-1.497295e+000	-9.311841e-001	1.084967e+000	-1.008768e+000	-1.150035e+000	-8.566349e-002	1.149425e+000	-5.800317e-001	-2.098492e-001	-2.538730e-002	6.756349e-002	2.372032e-001	2.164097e+000	-5.469556e-001	5.112460e-001	2.147230e+000	
-2.598159e-001	-1.382592e+000	-6.881190e-001	-3.732460e-001	1.701678e+000	1.417235e+000	9.893143e-001	-4.047746e-001	7.022063e-001	-1.757175e-001	-3.444048e-001	5.116571e-001	-1.949089e+000	2.143508e-001	2.594317e-001	7.327365e-001	-1.006640e+000	1.066040e+000	-1.528063e+000	9.542365e-001	-2.282857e-002	1.379684e+000	-4.096413e-001	-1.841429e-002	-1.983395e+000	-8.504841e-001	1.123067e+000	-1.124268e+000	-1.177735e+000	-6.706349e-002	5.699254e-001	-8.583317e-001	3.979508e-001	-4.945873e-001	6.113635e-001	-2.596825e-003	9.502968e-001	-6.954556e-001	9.585460e-001	4.699302e-001	
1.803841e-001	-1.224892e+000	-1.909190e-001	-4.663460e-001	-3.106222e-001	4.673349e-001	8.206143e-001	-2.109746e-001	1.253806e+000	-6.463175e-001	-5.609048e-001	-3.765429e-001	-1.668889e-001	-1.581492e-001	-1.671683e-001	-1.766349e-002	4.510360e+000	-3.466603e-001	-1.386463e+000	-1.057763e+000	2.255714e-001	7.164841e-001	-3.436413e-001	-1.149214e+000	-1.739295e+000	-6.608841e-001	-3.440333e-001	-1.259768e+000	-1.018135e+000	-5.290635e-001	3.357254e-001	-1.747532e+000	9.476508e-001	1.578127e-001	-4.278365e-001	5.250317e-002	1.204797e+000	-5.192556e-001	-3.733540e-001	-2.977698e-001	
-3.801587e-002	-1.061292e+000	3.884810e-001	1.342540e-001	-6.422222e-001	-2.030651e-001	-2.785857e-001	-2.242746e-001	4.167063e-001	-4.594175e-001	-7.052048e-001	3.309571e-001	-1.750689e+000	-3.187492e-001	-5.626825e-002	-1.799635e-001	3.181660e+000	4.539683e-003	-1.300963e+000	-1.158263e+000	8.827143e-002	-3.028159e-001	-2.627413e-001	-6.209143e-001	-1.939995e+000	1.403159e-001	-5.272333e-001	-8.372683e-001	-7.722349e-001	-2.329635e-001	7.154254e-001	-8.347317e-001	9.357508e-001	-4.647873e-001	-2.378365e-001	-1.959683e-002	-9.486032e-001	-4.305556e-001	9.254603e-002	-3.651698e-001	
-6.101587e-002	-1.174921e-001	5.001810e-001	1.807540e-001	-7.575222e-001	8.075349e-001	-6.051857e-001	-2.160746e-001	-5.713937e-001	-2.689175e-001	-8.688048e-001	-2.945429e-001	-1.746289e+000	-6.074492e-001	-7.496825e-002	-2.883635e-001	3.401660e+000	-7.736032e-002	-1.330663e+000	-7.816635e-001	-8.732857e-002	-7.833159e-001	-3.881413e-001	-7.878143e-001	-1.975495e+000	1.384159e-001	-1.718333e-001	-1.452668e+000	-1.025435e+000	-3.681635e-001	-3.514746e-001	1.716683e-001	4.814508e-001	-1.078487e+000	-3.226365e-001	-1.232968e-001	3.408968e-001	-4.027556e-001	-3.703540e-001	-6.679698e-001	
-1.619159e-001	-7.656921e-001	-5.498190e-001	-2.173460e-001	8.548778e-001	1.145535e+000	-1.126857e-001	-3.152746e-001	9.680063e-001	-1.272175e-001	-7.816048e-001	-1.442429e-001	-1.331689e+000	-5.933492e-001	-1.368254e-003	-1.418635e-001	-2.469397e-001	1.636397e-001	6.498365e-001	4.621365e-001	-2.290286e-001	-6.257159e-001	-4.291413e-001	-7.829143e-001	-5.053952e-001	3.391587e-002	-6.593333e-002	-1.428668e+000	-1.005835e+000	-3.624635e-001	-1.304746e-001	-3.050317e-001	4.418508e-001	-1.105873e-001	5.046349e-002	-5.809683e-002	-7.867032e-001	-9.185556e-002	-1.097540e-001	3.772302e-001	
-1.843159e-001	-1.400592e+000	5.106810e-001	-2.614460e-001	-6.782222e-002	-9.392651e-001	1.311714e+000	-3.425746e-001	-2.311937e-001	-2.207175e-001	-8.892048e-001	3.429571e-001	-1.189789e+000	-2.856492e-001	-1.155683e-001	4.160365e-001	3.587160e+000	-2.840603e-001	-1.543763e+000	4.813365e-001	-2.018286e-001	-7.605159e-001	-3.730413e-001	-1.144914e+000	-1.957295e+000	1.029116e+000	-5.887333e-001	-7.248683e-001	-1.059135e+000	-5.175635e-001	2.973254e-001	-8.500317e-001	3.853508e-001	2.477127e-001	-4.123365e-001	-6.189683e-002	-6.287032e-001	-6.060556e-001	-1.518540e-001	-3.580698e-001	
-1.994159e-001	-1.230092e+000	1.699810e-001	-2.703460e-001	6.501778e-001	2.014349e-001	1.469114e+000	-1.550746e-001	4.379063e-001	-4.499175e-001	-5.044048e-001	-5.032429e-001	-1.564489e+000	-3.546492e-001	-1.936825e-002	4.231365e-001	2.928660e+000	-3.822603e-001	-1.625063e+000	-1.101635e-001	-4.842857e-002	-3.997159e-001	-1.056413e-001	-1.183214e+000	-1.875795e+000	-1.925841e-001	1.414667e-001	-8.978683e-001	-9.838349e-001	-2.056635e-001	2.051254e-001	-1.471532e+000	2.816508e-001	3.628127e-001	-1.741365e-001	4.579032e-001	1.414497e+000	-3.213556e-001	-2.545540e-001	2.323016e-002	
-6.611587e-002	-1.247992e+000	1.264881e+000	6.093540e-001	-3.126222e-001	7.648349e-001	-8.498571e-002	-4.100746e-001	5.654063e-001	-3.634175e-001	-8.859048e-001	-1.644286e-002	-1.081089e+000	-3.674492e-001	-4.026825e-002	-1.496635e-001	2.678260e+000	-4.738603e-001	-1.491463e+000	-7.072635e-001	-1.820286e-001	-4.740159e-001	-4.250413e-001	-8.640143e-001	-2.217795e+000	1.201216e+000	-1.579133e+000	-1.292068e+000	-1.167235e+000	-1.060635e-001	9.020254e-001	-1.433332e+000	3.089508e-001	-2.191873e-001	-3.579365e-001	2.810317e-002	7.336968e-001	-5.389556e-001	6.536460e-001	-2.128698e-001	
-1.734159e-001	-1.213492e+000	-4.037190e-001	4.108540e-001	-4.736222e-001	-5.638651e-001	-3.918571e-002	-3.703746e-001	2.118906e+000	-2.689175e-001	-7.404048e-001	3.814571e-001	-8.081889e-001	-5.823492e-001	8.053175e-002	1.145365e-001	1.736260e+000	-5.541603e-001	-1.333963e+000	-8.580635e-001	6.007143e-002	-7.972159e-001	-1.173413e-001	-7.931143e-001	-2.130595e+000	-7.769841e-001	-1.839033e+000	-1.145468e+000	-1.148235e+000	-3.438635e-001	2.672254e-001	-1.594232e+000	-5.804921e-002	-9.418730e-002	-2.912365e-001	1.448032e-001	9.509683e-002	-4.938556e-001	1.525460e-001	-3.869841e-003	
-2.598159e-001	-9.942921e-001	5.546810e-001	-5.874603e-002	-2.505222e-001	1.413335e+000	5.919143e-001	-4.577746e-001	1.459063e-001	-3.498175e-001	-9.566048e-001	4.635714e-002	-1.412889e+000	-2.215492e-001	-9.106825e-002	1.119365e-001	1.376960e+000	-2.107603e-001	-1.365163e+000	3.342365e-001	-3.129286e-001	-6.596159e-001	-4.545413e-001	-8.359143e-001	-2.070095e+000	1.941587e-002	-4.340333e-001	-1.184468e+000	-1.165035e+000	-3.491635e-001	1.190425e+000	-5.486317e-001	-9.904921e-002	-5.545873e-001	-3.595365e-001	-2.726968e-001	1.850897e+000	-3.818556e-001	-1.123540e-001	5.681302e-001	
-2.343159e-001	-8.784921e-001	-4.222190e-001	5.255397e-002	-4.941222e-001	4.892349e-001	-1.894857e-001	-2.877746e-001	2.112606e+000	-2.704175e-001	-6.994048e-001	8.705571e-001	-1.024089e+000	-5.948492e-001	1.338317e-001	3.084365e-001	1.990460e+000	-4.267603e-001	-1.398863e+000	-4.062635e-001	8.167143e-002	-2.611587e-002	-1.536413e-001	-5.640143e-001	-6.969524e-002	-7.285841e-001	-1.328233e+000	-1.174268e+000	-9.200349e-001	-4.047635e-001	5.437254e-001	-1.608032e+000	2.155508e-001	1.331127e-001	1.543635e-001	3.977032e-001	-1.218203e+000	-1.027556e-001	4.304460e-001	1.415302e-001	
-7.051587e-002	-1.281992e+000	3.965810e-001	-6.204603e-002	-3.227222e-001	1.453349e-001	-5.736857e-001	1.363254e-001	9.059063e-001	6.298254e-002	5.019524e-002	1.773571e-001	-9.450889e-001	-3.246492e-001	-1.100683e-001	2.708365e-001	3.439960e+000	-2.990603e-001	-1.303163e+000	-1.679763e+000	4.586714e-001	-5.503159e-001	1.531587e-001	-7.755143e-001	-1.377952e-001	2.125216e+000	-1.647833e+000	-1.096768e+000	1.477765e+000	-2.398635e-001	6.222254e-001	1.265568e+000	2.544508e-001	-3.552873e-001	-2.904365e-001	-1.025968e-001	-8.934032e-001	-3.937556e-001	-3.285397e-002	-8.136984e-002	
-3.981587e-002	-5.708921e-001	6.798810e-001	-6.464603e-002	-7.247222e-001	-4.049651e-001	3.969143e-001	5.283254e-001	6.388063e-001	-2.442175e-001	-6.980476e-002	5.740571e-001	-1.816889e-001	-5.379492e-001	-1.315683e-001	1.923651e-002	4.073660e+000	-3.351603e-001	-1.408763e+000	-1.293863e+000	1.630714e-001	-7.969159e-001	-3.015413e-001	9.113857e-001	1.882805e+000	-6.126841e-001	-1.806133e+000	-1.002668e+000	7.960651e-001	-2.982635e-001	-3.207460e-002	7.214683e-001	3.128508e-001	8.714127e-001	1.207635e-001	5.325032e-001	2.399683e-002	-2.615556e-001	-8.765397e-002	-5.908698e-001	
2.548841e-001	-1.216792e+000	-2.551190e-001	-2.545460e-001	-7.411222e-001	-8.142651e-001	-7.057857e-001	-3.510746e-001	-7.696937e-001	-1.348175e-001	-3.047619e-004	1.138571e-001	-7.581889e-001	-4.159492e-001	-1.777683e-001	-3.453635e-001	2.354960e+000	-4.390603e-001	-1.176963e+000	-1.573663e+000	4.942714e-001	-5.450159e-001	-1.582413e-001	-9.776143e-001	-7.641952e-001	-5.107841e-001	-1.457333e+000	-1.049368e+000	-5.808349e-001	-2.701635e-001	2.952540e-002	1.441683e-001	2.080508e-001	-8.444873e-001	-1.524365e-001	-6.699683e-002	-1.475303e+000	-5.147556e-001	-4.985397e-002	-3.796698e-001	
-1.833159e-001	-6.991921e-001	2.179810e-001	-5.333460e-001	-8.393222e-001	3.388349e-001	-1.943857e-001	4.532540e-002	1.196906e+000	-5.971175e-001	-3.937048e-001	-1.022429e-001	-1.012389e+000	-4.584492e-001	-1.300683e-001	-2.120635e-001	2.528760e+000	-1.102603e-001	-8.690635e-001	-1.303463e+000	-2.432857e-002	8.123841e-001	-4.020413e-001	-5.485143e-001	3.928048e-001	-4.041841e-001	4.424667e-001	-7.293683e-001	8.535651e-001	-5.925635e-001	2.118254e-001	-7.939317e-001	7.575508e-001	1.462127e-001	-3.989365e-001	5.700317e-002	-1.046303e+000	-2.200556e-001	2.067460e-001	-4.966984e-002	
-1.707159e-001	-1.238921e-001	-7.481905e-002	-4.821460e-001	-1.005822e+000	-4.136651e-001	-8.943857e-001	-1.499746e-001	-5.181937e-001	-3.645175e-001	-2.669048e-001	-8.837429e-001	-1.937789e+000	-2.800492e-001	-8.196825e-002	5.836508e-003	-9.221397e-001	-2.953603e-001	-8.054635e-001	-8.773635e-001	-2.143286e-001	1.823841e-001	-3.155413e-001	-1.004314e+000	6.713048e-001	1.300216e+000	-1.114633e+000	-1.230768e+000	1.219065e+000	-5.427635e-001	6.462540e-002	-1.519732e+000	-1.210492e-001	-6.948873e-001	-3.553365e-001	-4.435968e-001	-1.955103e+000	-3.833556e-001	-3.379540e-001	-3.193698e-001	
-1.323159e-001	-1.019592e+000	-2.553190e-001	2.975397e-002	-8.734222e-001	-9.621651e-001	-8.529857e-001	1.823254e-001	1.222806e+000	-5.115175e-001	2.335952e-001	1.856571e-001	-5.569889e-001	-5.027492e-001	-1.285683e-001	-2.133635e-001	5.383603e-001	-6.786032e-002	-1.420063e+000	-1.503063e+000	-6.122857e-002	3.768841e-001	-3.334413e-001	-6.491429e-002	-6.169524e-002	1.896159e-001	-7.101333e-001	-1.329568e+000	8.520651e-001	-4.443635e-001	-1.057460e-002	1.571368e+000	5.561508e-001	-7.948730e-002	-2.786365e-001	7.742032e-001	-1.002403e+000	1.106444e-001	2.305460e-001	-5.288698e-001	
3.448413e-002	-9.015921e-001	1.642810e-001	5.427540e-001	-5.372222e-001	-2.761651e-001	-5.953857e-001	-1.274603e-003	-1.039937e-001	-2.966175e-001	-1.691048e-001	9.674571e-001	-7.456889e-001	-2.328492e-001	1.903175e-002	-7.916349e-002	6.401460e+000	-2.610603e-001	-8.460635e-001	-1.105963e+000	-9.202857e-002	1.036184e+000	-2.366413e-001	-7.104143e-001	-1.056952e-001	5.787159e-001	-7.854333e-001	-1.026768e+000	6.116508e-002	-3.593635e-001	5.713254e-001	2.477568e+000	1.573508e-001	-3.130873e-001	-2.076365e-001	1.514032e-001	-1.597203e+000	-2.289556e-001	2.015460e-001	-5.476698e-001	
-4.391587e-002	-9.222921e-001	-3.255190e-001	-2.713460e-001	-1.117222e-001	-4.088651e-001	-7.463857e-001	-3.440746e-001	-6.151937e-001	-6.231746e-002	-7.426048e-001	-1.209429e-001	-1.452289e+000	-5.365492e-001	-1.314683e-001	-2.962635e-001	1.223860e+000	-3.999603e-001	-1.326363e+000	-1.271663e+000	8.057143e-002	-7.367159e-001	3.845873e-002	-1.582143e-001	-1.289952e-001	-6.552841e-001	-7.356333e-001	-1.075668e+000	-9.421349e-001	-3.620635e-001	-2.953746e-001	-1.268632e+000	4.115079e-002	-5.982873e-001	1.796635e-001	-2.115968e-001	-1.329203e+000	-5.978556e-001	-7.545397e-002	-5.416698e-001	
-1.855159e-001	-6.992921e-001	-2.445190e-001	-6.804603e-002	-4.199222e-001	-9.497651e-001	-1.197857e-001	5.082540e-002	1.010606e+000	-5.214175e-001	-5.178048e-001	-1.586429e-001	5.755111e-001	-5.326492e-001	-1.150683e-001	-5.128635e-001	1.472560e+000	-4.168603e-001	-1.495663e+000	-1.214163e+000	1.864714e-001	6.256841e-001	-3.950413e-001	1.276857e-001	-1.400395e+000	-7.230841e-001	-4.750333e-001	-8.692683e-001	-2.743349e-001	-5.332635e-001	3.574254e-001	-5.741317e-001	1.762651e+000	-4.645873e-001	6.227635e-001	7.634032e-001	-1.449403e+000	-2.782556e-001	9.994603e-002	-9.545698e-001	
-1.609159e-001	-1.350492e+000	7.372810e-001	-3.882460e-001	-9.233222e-001	-1.302465e+000	-3.583857e-001	-2.789746e-001	-5.514937e-001	-3.113175e-001	-8.438048e-001	-3.568429e-001	-9.049889e-001	-5.024492e-001	-8.846825e-002	-5.154635e-001	-8.787397e-001	-4.199603e-001	-1.663563e+000	2.239365e-001	-3.455286e-001	-5.810159e-001	-2.889413e-001	6.223857e-001	7.227048e-001	-9.040841e-001	-2.114933e+000	-9.808683e-001	-3.913349e-001	-6.856349e-002	6.192540e-002	-1.612132e+000	-2.314921e-002	1.732513e+000	1.453635e-001	-3.666968e-001	-1.912803e+000	-3.798556e-001	1.035460e-001	-7.605698e-001	
