1.251259e-003	5.635853e-001	1.933042e-001	8.087405e-001	5.850093e-001	4.798730e-001	3.502915e-001	8.959624e-001	8.228401e-001	7.466048e-001	
1.741081e-001	8.589434e-001	7.105014e-001	5.135350e-001	3.039949e-001	1.498459e-002	9.140294e-002	3.644520e-001	1.473128e-001	1.658986e-001	
9.885250e-001	4.456923e-001	1.190832e-001	4.669332e-003	8.911405e-003	3.778802e-001	5.316630e-001	5.711844e-001	6.017640e-001	6.071657e-001	
1.662343e-001	6.630451e-001	4.507889e-001	3.521226e-001	5.703909e-002	6.076846e-001	7.833186e-001	8.026063e-001	5.198828e-001	3.019501e-001	
8.759728e-001	7.266762e-001	9.559008e-001	9.257179e-001	5.393536e-001	1.423383e-001	4.620808e-001	2.353282e-001	8.622394e-001	2.096011e-001	
7.796564e-001	8.436537e-001	9.967956e-001	9.996948e-001	6.114994e-001	3.924375e-001	2.662130e-001	2.972808e-001	8.401440e-001	2.374340e-002	
3.758660e-001	9.262368e-002	6.772057e-001	5.621509e-002	8.789331e-003	9.187902e-001	2.758873e-001	2.728965e-001	5.879086e-001	6.911832e-001	
8.376110e-001	7.264931e-001	4.849391e-001	2.053591e-001	7.437361e-001	4.684591e-001	4.579608e-001	9.491562e-001	7.444380e-001	1.082797e-001	
5.990478e-001	3.852351e-001	7.350078e-001	6.089663e-001	5.724052e-001	3.613392e-001	1.515549e-001	2.251045e-001	4.251534e-001	8.028809e-001	
5.171056e-001	9.899899e-001	7.515488e-001	3.455611e-001	1.689810e-001	6.573077e-001	4.918973e-001	6.353954e-002	6.997589e-001	5.048067e-001	
1.474960e-001	9.495834e-001	1.415754e-001	9.051180e-001	6.928922e-001	3.030488e-001	4.265572e-001	7.037568e-002	9.666128e-001	6.831874e-001	
1.532334e-001	8.772546e-001	8.216803e-001	5.820490e-001	1.913511e-001	1.778924e-001	8.171941e-001	4.752647e-001	1.555528e-001	5.039216e-001	
7.320170e-001	4.055910e-001	2.795801e-001	5.687429e-001	6.822413e-001	7.558519e-001	7.219153e-001	4.752953e-001	1.230201e-001	3.678091e-001	
8.346812e-001	3.509629e-002	5.170141e-001	6.629841e-001	4.262215e-001	1.046785e-001	9.493393e-001	9.213843e-001	5.495468e-001	3.459883e-001	
4.717246e-001	3.749809e-001	8.469802e-001	3.168737e-001	4.560991e-001	2.718894e-001	9.829707e-001	2.977996e-001	7.391888e-001	5.672781e-001	
1.959899e-001	7.613147e-001	8.394421e-001	3.976562e-001	5.009003e-001	8.901639e-001	2.746666e-002	9.946287e-001	5.725883e-001	5.050813e-002	
5.313272e-001	1.940672e-001	8.430433e-001	6.267586e-001	6.576128e-001	1.978515e-001	8.421583e-001	1.233253e-001	1.099277e-001	7.431257e-001	
3.140660e-001	9.410688e-001	2.860805e-001	3.363140e-001	1.402631e-001	7.330851e-001	8.346202e-001	7.079989e-001	6.002380e-001	7.472152e-001	
2.527238e-001	1.444746e-001	1.617481e-003	6.100650e-002	8.062380e-001	8.526261e-001	2.105777e-001	1.156041e-001	5.532090e-001	1.425214e-002	
1.137730e-001	4.545122e-001	7.522202e-001	6.861476e-001	5.434431e-001	7.388531e-002	4.367199e-001	2.019410e-001	6.962188e-001	2.903531e-001	
4.366894e-001	2.324290e-001	5.778680e-001	5.325785e-001	6.286813e-001	1.601917e-001	5.041353e-001	9.630421e-001	6.957610e-001	9.248024e-001	
1.899472e-001	3.359478e-001	1.783502e-001	9.951781e-001	4.574419e-001	9.980163e-001	9.750664e-002	6.251717e-001	9.439375e-002	4.377270e-001	
9.315165e-001	4.843287e-002	8.946196e-001	2.900174e-001	2.273019e-001	7.690664e-001	4.107181e-001	2.019715e-001	6.280709e-001	6.041444e-001	
4.516129e-001	4.663533e-001	5.978271e-001	6.347240e-001	8.547929e-001	8.287912e-001	6.247749e-001	7.209082e-001	5.657521e-001	3.751335e-001	
1.842708e-001	7.379070e-001	5.551317e-001	9.050874e-001	2.428663e-001	1.889401e-001	6.047243e-001	6.985076e-001	5.846126e-001	3.512986e-001	
4.944609e-001	8.038575e-002	7.407453e-001	6.120487e-001	6.203803e-001	6.911222e-001	8.045289e-001	1.491134e-001	5.760369e-001	8.677328e-001	
9.115574e-001	6.147038e-001	7.276833e-001	4.321421e-002	6.677755e-001	9.765313e-001	3.150121e-001	5.692007e-001	3.058260e-001	1.739250e-001	
1.085543e-001	8.690451e-001	8.512223e-001	7.443159e-001	1.548814e-001	3.269143e-001	7.934812e-002	7.660146e-002	6.409803e-001	8.200018e-001	
5.450911e-001	4.482559e-001	4.089785e-001	2.987457e-001	4.655599e-001	5.012055e-001	1.526536e-001	3.230384e-001	7.379986e-001	3.138829e-001	
8.266854e-001	9.590747e-001	8.733482e-001	7.250282e-001	3.000580e-001	9.439985e-001	1.272317e-001	6.573687e-002	7.849666e-001	5.245827e-001	
6.096377e-001	9.561144e-001	7.226783e-002	8.756371e-001	6.538591e-001	3.221229e-001	1.048006e-001	5.050508e-001	2.270882e-001	2.902921e-001	
9.199805e-001	5.511643e-001	6.628010e-001	1.145360e-001	4.925382e-001	3.791314e-001	4.968108e-001	7.933592e-001	5.092624e-001	3.823664e-001	
6.881619e-001	5.321512e-001	6.062807e-001	3.951842e-001	5.890072e-003	7.078768e-001	1.006195e-001	6.230659e-001	8.632466e-001	4.915006e-001	
7.473373e-001	4.969024e-001	3.801080e-001	7.853633e-001	5.528123e-001	3.570971e-001	9.557176e-001	6.308481e-001	1.765801e-001	3.742485e-001	
1.316263e-001	7.432783e-001	9.517197e-001	6.119877e-001	2.783288e-002	3.298441e-001	5.590991e-002	6.392102e-001	1.316263e-001	8.470717e-001	
8.643147e-001	5.968810e-001	7.216407e-001	8.539689e-001	1.467940e-002	1.264687e-001	7.079073e-001	6.171453e-001	2.175665e-001	6.595050e-002	
1.689199e-001	6.241035e-001	3.409833e-001	3.194067e-001	3.675649e-001	6.610004e-001	8.023927e-001	8.068789e-001	5.265358e-001	6.111026e-001	
7.981811e-001	9.006012e-001	1.448103e-001	6.301767e-001	4.024171e-001	2.537004e-001	1.365398e-001	8.551897e-001	6.616413e-002	4.278085e-001	
5.733512e-001	3.022858e-001	5.480514e-001	2.255623e-001	3.113498e-001	1.106296e-001	8.080386e-001	1.347087e-001	2.842494e-001	7.881100e-001	
8.952300e-001	7.896359e-001	7.437971e-001	6.152226e-001	3.611255e-001	8.566546e-001	2.284921e-001	8.635823e-001	2.294382e-001	2.495499e-001	
5.424055e-001	9.848323e-001	5.380413e-002	8.142338e-002	5.246742e-001	4.268014e-001	9.466842e-002	2.587970e-001	8.915372e-001	2.327647e-001	
1.465499e-001	1.250954e-001	9.316385e-001	8.011109e-002	4.709006e-002	5.871761e-002	3.364055e-001	9.147008e-001	3.986023e-001	4.327830e-001	
9.461653e-001	8.371838e-001	5.342265e-001	8.420972e-001	6.935331e-001	3.976867e-001	2.591632e-001	4.333628e-003	5.255898e-001	9.548021e-001	
3.986938e-001	2.410962e-001	5.855586e-001	2.551347e-001	6.840114e-001	9.452803e-001	4.354991e-001	8.902249e-001	7.171850e-003	9.409772e-001	
6.015503e-001	7.861568e-001	5.766778e-001	1.424299e-001	2.223273e-001	3.830073e-001	4.272591e-003	4.179205e-001	8.224738e-002	6.599322e-001	
8.550981e-001	6.485183e-002	8.110599e-001	6.620685e-001	6.914884e-001	8.026978e-001	5.301370e-001	6.856288e-001	1.427656e-001	6.895047e-001	
7.278970e-001	7.777337e-001	3.106784e-002	8.686789e-001	6.445204e-001	7.065645e-001	8.545183e-002	5.519883e-001	9.479049e-001	5.877865e-002	
2.749718e-001	1.451765e-001	9.817804e-001	6.199835e-001	2.922452e-001	9.224830e-001	3.675344e-001	6.945402e-001	2.186346e-001	1.559191e-001	
2.405469e-001	5.214393e-001	9.022797e-001	1.064180e-001	9.026460e-001	4.417249e-001	8.011109e-002	7.820978e-001	1.717887e-001	9.743950e-001	
7.758721e-001	8.703879e-001	2.106388e-001	4.566179e-001	3.753777e-003	7.506333e-001	1.140477e-001	4.047060e-001	3.111362e-001	9.926145e-001	
3.857540e-002	2.520829e-001	1.892758e-001	2.476882e-001	1.535081e-001	6.203192e-001	8.853725e-001	9.390851e-001	1.956542e-001	7.796564e-001	
6.455580e-001	6.567583e-001	9.091464e-001	4.554582e-001	9.212928e-001	6.641743e-001	1.507614e-001	6.363414e-001	5.695364e-001	4.220405e-001	
9.430219e-001	5.405744e-001	5.785699e-001	5.364544e-001	2.552873e-001	3.969543e-001	3.502609e-001	3.662221e-002	7.952513e-001	1.965087e-001	
7.028413e-002	3.894162e-001	5.907468e-001	7.092502e-002	1.976684e-001	1.558885e-001	6.443373e-001	4.543291e-001	6.042970e-001	6.973479e-001	
4.412976e-001	6.844691e-001	3.965270e-001	8.357189e-001	5.922117e-001	1.995911e-001	9.494613e-001	8.760033e-001	3.917051e-001	9.874569e-001	
1.853084e-001	8.957183e-001	5.744499e-001	4.420606e-001	6.273385e-001	7.085177e-001	4.962310e-002	2.855617e-001	2.602008e-001	4.076357e-001	
8.953215e-001	7.101962e-001	7.284463e-001	8.960540e-001	3.935667e-001	3.974120e-001	9.038667e-001	3.086032e-001	3.881039e-001	5.705741e-001	
3.535569e-001	7.336955e-001	7.453536e-001	7.363811e-001	7.394330e-001	1.393170e-001	2.001709e-001	2.725913e-001	6.804407e-001	9.111301e-001	
3.678396e-001	5.176550e-001	1.093783e-001	9.074374e-001	2.030702e-001	5.179601e-001	6.548357e-001	4.385205e-001	6.876431e-001	9.042634e-002	
7.956175e-002	7.577746e-002	2.780236e-002	3.550829e-001	3.072298e-001	6.972869e-001	1.426740e-001	3.948485e-001	6.784265e-002	6.757408e-001	
7.249367e-001	1.987060e-001	6.940214e-001	6.157109e-001	6.548967e-001	5.439924e-001	9.830012e-002	5.453658e-001	4.962310e-002	9.745781e-001	
4.640339e-001	9.699698e-001	7.278665e-001	5.309610e-001	6.799219e-001	6.928007e-001	3.721122e-001	3.886227e-001	4.995880e-002	8.097781e-001	
1.695608e-001	6.082339e-002	3.105564e-001	7.844783e-001	2.124699e-001	3.219092e-001	4.846644e-001	9.155553e-003	4.398633e-001	5.078585e-001	
1	1	1	1	1	1	1	1	1	1	1	1	1	1	1	1	1	1	1	1	1	1	1	2	2	2	2	2	2	2	2	3	3	3	3	3	3	3	3	3	3	3	3	4	4	4	4	4	4	4	4	4	4	4	4	4	4	4	4	4	4	4	4	
1.226870e-001	6.682470e-002	6.533809e-002	5.543721e-002	4.166878e-002	4.029152e-002	3.405957e-002	3.155174e-002	1.872290e-002	5.707730e-003	

 8	5	9	4 
