63 4
0.9999999999993707  7.791481451339018E-168  9.58811956846254E-55  6.292204778691119E-13
  0.9999999998200007  1.3415516683516595E-176  3.6753906960334245E-55  1.7999936864147779E-10
  0.999999999578358  3.9762371657932146E-151  3.269415318766072E-47  4.216420848855257E-10
  1.0  3.075244171290562E-245  2.073004928982989E-86  4.233152140310442E-23
  1.0  5.266374327078223E-233  4.365951782619321E-81  4.2064430716994484E-21
  1.0  1.1740164580605085E-264  6.064811878674262E-92  6.537411074649144E-22
  0.9999999999999993  2.0995735140923614E-204  4.014734855603929E-68  7.254650437900784E-16
  1.0  4.1745330526486255E-279  2.4757845752251824E-99  4.500405020569774E-26
  1.0  0.0  1.9158815139386073E-181  3.4419913209754485E-51
  1.0  3.6887987164174684E-226  7.812581992395886E-115  2.1607501896560167E-52
  1.0  7.294893731319639E-264  9.78735679035401E-95  1.839561523354115E-26
  1.0  0.0  9.7767510726473E-123  9.979026554082384E-30
  1.0  1.0533386217852262E-267  5.6448781868227066E-92  9.038913585963588E-20
  1.0  1.1509016069381837E-299  4.324405122110803E-108  3.7382190750794284E-29
  0.9999872006726022  4.654624168029036E-140  1.4121819858009111E-39  1.27993273978476E-5
  0.965818667709607  8.871920443081924E-93  1.2683489745436356E-21  0.03418133229039302
  0.9811194369017224  2.7752375670315447E-90  1.1671022893067537E-21  0.018880563098277514
  0.9999919408512589  2.9341714151801036E-133  1.3089284249672503E-37  8.059148741217582E-6
  0.9999999783638804  2.6140311822192104E-163  2.6722791968358677E-49  2.1636119585103057E-8
  1.0  2.4209215261533624E-300  5.652847295975963E-105  8.495076420713267E-22
  0.999986046265918  9.028987841912182E-146  1.5237896438769784E-41  1.3953734081961732E-5
  0.9999790597297553  1.3620978168212614E-125  6.266020789470212E-35  2.094027024459652E-5
  0.9885439524052826  2.4119531765228546E-94  5.977761714830488E-23  0.011456047594717507
  2.5900441792716553E-12  0.9999999999164202  1.465411972023884E-48  8.098972196171572E-11
  4.166887424302566E-10  0.9999999347181054  4.981765120873469E-38  6.486520579287523E-8
  1.5474940334575754E-13  0.9999999999966176  4.275179356609342E-59  3.22768528896871E-12
  7.366425064317715E-12  0.9999999991489269  5.505310182279936E-45  8.437065921808546E-10
  4.335583323404066E-9  0.9996874407267116  2.802738617838284E-29  3.125549377050867E-4
  3.946418217792169E-13  0.9999999999954815  2.5585865037024703E-54  4.123863504339955E-12
  2.8023163269041287E-11  0.999999956859743  8.801234042652429E-40  4.311223394305633E-8
  1.4483847997945075E-10  0.9999996299275051  4.039158811245021E-36  3.699276563637058E-7
  1.0406850235131864E-4  1.2215601214725317E-23  0.9998912993497713  4.632147877481214E-6
  2.5860042482538613E-4  6.361472474176917E-26  0.9996966124512305  4.478712394423828E-5
  3.5611063587332766E-4  1.9564819694884536E-26  0.999629839247052  1.4050117074656452E-5
  1.9211003655556308E-4  7.900533115984193E-25  0.9995503757943799  2.57514169064561E-4
  1.225403840079619E-4  1.2226378570963734E-20  0.9998769747374496  4.848785423692283E-7
  0.012403343026067128  1.0791301823303738E-29  0.7098929904920209  0.2777036664819121
  2.2840836074452088E-4  4.725749023205861E-25  0.9997699537727852  1.6378664702574099E-6
  8.691023511667334E-5  9.628375431696495E-23  0.9999106829119911  2.4068528922340348E-6
  6.300254191059392E-5  6.341479237400729E-21  0.9997551508749107  1.8184658317865654E-4
  4.351759273827348E-4  2.1581187722499797E-25  0.9967793590776036  0.002785464995013766
  1.288045995798935E-4  6.032538758224722E-24  0.9997119908060068  1.592045944132286E-4
  7.252705498805884E-5  1.495209433057926E-22  0.9999205589669065  6.913978105424752E-6
  6.263142626437913E-5  9.30776344015455E-22  0.9998760422820506  6.132629168489214E-5
  1.7934867388122626E-4  8.244510697007883E-20  0.9907233883119775  0.009097263014141375
  5.277450920969126E-4  1.1649245715212738E-19  0.911430565260094  0.08804168964780901
  0.009480419284375086  4.0175870858729033E-35  0.0013012424309001064  0.9892183382847248
  1.3158204905872967E-4  1.3812349135028858E-15  0.9942980789621366  0.005570338988803187
  6.234063556558691E-5  2.0400321034410145E-17  0.9998609816017472  7.667776268727676E-5
  1.0006172102248493E-4  1.5777237725607934E-15  0.9992174452252235  6.824930537523812E-4
  1.0294331415662844E-4  1.6186156547064369E-21  0.998974370441625  9.226862442182787E-4
  6.674755078784337E-5  1.0506801741873676E-17  0.999318035511996  6.152169372161604E-4
  7.940977910641366E-4  1.2440505414778343E-23  0.957308559524164  0.04189734268477185
  6.573987847960526E-5  5.8745059945237083E-8  6.740267390410693E-7  0.9999335273497214
  5.990784272632485E-4  6.22475288040305E-19  7.347162452893547E-7  0.9994001868564916
  0.00156907626948084  1.9377243412256142E-25  0.0028008307140644528  0.9956300930164547
  0.0028383093211271485  9.158342877430776E-30  7.241886123056754E-4  0.9964375020665672
  0.005278064360427963  1.5875839188657093E-31  2.1439500264415076E-7  0.9947217212445694
  8.351132723305207E-4  2.099248570881028E-21  1.8359740669315264E-6  0.9991630507536025
  2.3170465538885452E-4  2.872587217635781E-14  3.9415712195553434E-4  0.9993741382226269
  0.006745088883828387  1.1916489807002209E-32  0.0034332338600949436  0.9898216772560766
  0.016436791641295287  7.780264389088686E-39  3.0173803500461576E-4  0.9832614703237
  0.00243526870547095  1.1633773557021318E-29  2.2071065460656118E-5  0.9975426602290685